A (size 25x25):
 1  0  0  0  0  0  0  0  0  0  0  0  0  0  0  0  0  0  0  0  0  0  0  0  0 
-0.5  1.18571 -0.4  0  0  0 -0.285714  0  0  0  0  0  0  0  0  0  0  0  0  0  0  0  0  0  0 
 0 -0.4  0.983333 -0.333333  0  0  0 -0.25  0  0  0  0  0  0  0  0  0  0  0  0  0  0  0  0  0 
 0  0 -0.333333  1.06667 -0.4  0  0  0 -0.333333  0  0  0  0  0  0  0  0  0  0  0  0  0  0  0  0 
 0  0  0 -0.4  0.685714  0  0  0  0 -0.285714  0  0  0  0  0  0  0  0  0  0  0  0  0  0  0 
-0.333333  0  0  0  0  1.08333 -0.25  0  0  0 -0.5  0  0  0  0  0  0  0  0  0  0  0  0  0  0 
 0 -0.285714  0  0  0 -0.25  1.22143 -0.4  0  0  0 -0.285714  0  0  0  0  0  0  0  0  0  0  0  0  0 
 0  0 -0.25  0  0  0 -0.4  1.23333 -0.333333  0  0  0 -0.25  0  0  0  0  0  0  0  0  0  0  0  0 
 0  0  0 -0.333333  0  0  0 -0.333333  1.4 -0.4  0  0  0 -0.333333  0  0  0  0  0  0  0  0  0  0  0 
 0  0  0  0 -0.285714  0  0  0 -0.4  0.971429  0  0  0  0 -0.285714  0  0  0  0  0  0  0  0  0  0 
 0  0  0  0  0 -0.5  0  0  0  0  1.25 -0.25  0  0  0 -0.5  0  0  0  0  0  0  0  0  0 
 0  0  0  0  0  0 -0.285714  0  0  0 -0.25  1.22143 -0.4  0  0  0 -0.285714  0  0  0  0  0  0  0  0 
 0  0  0  0  0  0  0 -0.25  0  0  0 -0.4  1.23333 -0.333333  0  0  0 -0.25  0  0  0  0  0  0  0 
 0  0  0  0  0  0  0  0 -0.333333  0  0  0 -0.333333  1.4 -0.4  0  0  0 -0.333333  0  0  0  0  0  0 
 0  0  0  0  0  0  0  0  0 -0.285714  0  0  0 -0.4  0.971429  0  0  0  0 -0.285714  0  0  0  0  0 
 0  0  0  0  0  0  0  0  0  0 -0.5  0  0  0  0  1.25 -0.25  0  0  0 -0.5  0  0  0  0 
 0  0  0  0  0  0  0  0  0  0  0 -0.285714  0  0  0 -0.25  1.22143 -0.4  0  0  0 -0.285714  0  0  0 
 0  0  0  0  0  0  0  0  0  0  0  0 -0.25  0  0  0 -0.4  1.23333 -0.333333  0  0  0 -0.25  0  0 
 0  0  0  0  0  0  0  0  0  0  0  0  0 -0.333333  0  0  0 -0.333333  1.4 -0.4  0  0  0 -0.333333  0 
 0  0  0  0  0  0  0  0  0  0  0  0  0  0 -0.285714  0  0  0 -0.4  0.971429  0  0  0  0 -0.285714 
 0  0  0  0  0  0  0  0  0  0  0  0  0  0  0 -0.5  0  0  0  0  0.75 -0.25  0  0  0 
 0  0  0  0  0  0  0  0  0  0  0  0  0  0  0  0 -0.285714  0  0  0 -0.25  0.935714 -0.4  0  0 
 0  0  0  0  0  0  0  0  0  0  0  0  0  0  0  0  0 -0.25  0  0  0 -0.4  0.935714 -0.285714  0 
 0  0  0  0  0  0  0  0  0  0  0  0  0  0  0  0  0  0 -0.333333  0  0  0 -0.285714  0.952381 -0.333333 
 0  0  0  0  0  0  0  0  0  0  0  0  0  0  0  0  0  0  0  0  0  0  0  0  1 

b (size 25x1):
 10
 0
 0
 0
 0
 0
 0
 0
 0
 0
 0
 0
 0
 0
 0
 0
 0
 0
 0
 0
 0
 0
 0
 0
 0

LU factorization (P*A = L*U)
P:
 1  0  0  0  0  0  0  0  0  0  0  0  0  0  0  0  0  0  0  0  0  0  0  0  0 
 0  1  0  0  0  0  0  0  0  0  0  0  0  0  0  0  0  0  0  0  0  0  0  0  0 
 0  0  1  0  0  0  0  0  0  0  0  0  0  0  0  0  0  0  0  0  0  0  0  0  0 
 0  0  0  1  0  0  0  0  0  0  0  0  0  0  0  0  0  0  0  0  0  0  0  0  0 
 0  0  0  0  1  0  0  0  0  0  0  0  0  0  0  0  0  0  0  0  0  0  0  0  0 
 0  0  0  0  0  1  0  0  0  0  0  0  0  0  0  0  0  0  0  0  0  0  0  0  0 
 0  0  0  0  0  0  1  0  0  0  0  0  0  0  0  0  0  0  0  0  0  0  0  0  0 
 0  0  0  0  0  0  0  1  0  0  0  0  0  0  0  0  0  0  0  0  0  0  0  0  0 
 0  0  0  0  0  0  0  0  1  0  0  0  0  0  0  0  0  0  0  0  0  0  0  0  0 
 0  0  0  0  0  0  0  0  0  1  0  0  0  0  0  0  0  0  0  0  0  0  0  0  0 
 0  0  0  0  0  0  0  0  0  0  1  0  0  0  0  0  0  0  0  0  0  0  0  0  0 
 0  0  0  0  0  0  0  0  0  0  0  1  0  0  0  0  0  0  0  0  0  0  0  0  0 
 0  0  0  0  0  0  0  0  0  0  0  0  1  0  0  0  0  0  0  0  0  0  0  0  0 
 0  0  0  0  0  0  0  0  0  0  0  0  0  1  0  0  0  0  0  0  0  0  0  0  0 
 0  0  0  0  0  0  0  0  0  0  0  0  0  0  1  0  0  0  0  0  0  0  0  0  0 
 0  0  0  0  0  0  0  0  0  0  0  0  0  0  0  1  0  0  0  0  0  0  0  0  0 
 0  0  0  0  0  0  0  0  0  0  0  0  0  0  0  0  1  0  0  0  0  0  0  0  0 
 0  0  0  0  0  0  0  0  0  0  0  0  0  0  0  0  0  1  0  0  0  0  0  0  0 
 0  0  0  0  0  0  0  0  0  0  0  0  0  0  0  0  0  0  1  0  0  0  0  0  0 
 0  0  0  0  0  0  0  0  0  0  0  0  0  0  0  0  0  0  0  1  0  0  0  0  0 
 0  0  0  0  0  0  0  0  0  0  0  0  0  0  0  0  0  0  0  0  1  0  0  0  0 
 0  0  0  0  0  0  0  0  0  0  0  0  0  0  0  0  0  0  0  0  0  1  0  0  0 
 0  0  0  0  0  0  0  0  0  0  0  0  0  0  0  0  0  0  0  0  0  0  1  0  0 
 0  0  0  0  0  0  0  0  0  0  0  0  0  0  0  0  0  0  0  0  0  0  0  1  0 
 0  0  0  0  0  0  0  0  0  0  0  0  0  0  0  0  0  0  0  0  0  0  0  0  1 

L:
 1  0  0  0  0  0  0  0  0  0  0  0  0  0  0  0  0  0  0  0  0  0  0  0  0 
-0.5  1  0  0  0  0  0  0  0  0  0  0  0  0  0  0  0  0  0  0  0  0  0  0  0 
 0 -0.337349  1  0  0  0  0  0  0  0  0  0  0  0  0  0  0  0  0  0  0  0  0  0  0 
 0  0 -0.392899  1  0  0  0  0  0  0  0  0  0  0  0  0  0  0  0  0  0  0  0  0  0 
 0  0  0 -0.427487  1  0  0  0  0  0  0  0  0  0  0  0  0  0  0  0  0  0  0  0  0 
-0.333333  0  0  0  0  1  0  0  0  0  0  0  0  0  0  0  0  0  0  0  0  0  0  0  0 
 0 -0.240964 -0.113609 -0.0404722 -0.0314518 -0.230769  1  0  0  0  0  0  0  0  0  0  0  0  0  0  0  0  0  0  0 
 0  0 -0.294675 -0.104975 -0.0815782  0 -0.400868  1  0  0  0  0  0  0  0  0  0  0  0  0  0  0  0  0  0 
 0  0  0 -0.356239 -0.276842  0 -0.016612 -0.398277  1  0  0  0  0  0  0  0  0  0  0  0  0  0  0  0  0 
 0  0  0  0 -0.555088  0 -0.008306 -0.0276835 -0.45062  1  0  0  0  0  0  0  0  0  0  0  0  0  0  0  0 
 0  0  0  0  0 -0.461538 -0.10665 -0.0475829 -0.0187055 -0.0192886  1  0  0  0  0  0  0  0  0  0  0  0  0  0  0 
 0  0  0  0  0  0 -0.264086 -0.117824 -0.0463184 -0.0477622 -0.286228  1  0  0  0  0  0  0  0  0  0  0  0  0  0 
 0  0  0  0  0  0  0 -0.257183 -0.0915738 -0.0875958 -0.0146966 -0.421167  1  0  0  0  0  0  0  0  0  0  0  0  0 
 0  0  0  0  0  0  0  0 -0.306567 -0.25406 -0.00909494 -0.0241059 -0.399961  1  0  0  0  0  0  0  0  0  0  0  0 
 0  0  0  0  0  0  0  0  0 -0.483259 -0.00548839 -0.0145468 -0.0325107 -0.439921  1  0  0  0  0  0  0  0  0  0  0 
 0  0  0  0  0  0  0  0  0  0 -0.497947 -0.13675 -0.0697482 -0.0317466 -0.0362862  1  0  0  0  0  0  0  0  0  0 
 0  0  0  0  0  0  0  0  0  0  0 -0.27301 -0.124115 -0.0498395 -0.0521808 -0.308143  1  0  0  0  0  0  0  0  0 
 0  0  0  0  0  0  0  0  0  0  0  0 -0.257857 -0.0905821 -0.0842683 -0.0230839 -0.432054  1  0  0  0  0  0  0  0 
 0  0  0  0  0  0  0  0  0  0  0  0  0 -0.30197 -0.23711 -0.0163141 -0.0282747 -0.404066  1  0  0  0  0  0  0 
 0  0  0  0  0  0  0  0  0  0  0  0  0  0 -0.461987 -0.0106354 -0.0175506 -0.033395 -0.435129  1  0  0  0  0  0 
 0  0  0  0  0  0  0  0  0  0  0  0  0  0  0 -0.512919 -0.149366 -0.0811653 -0.0398373 -0.0474313  1  0  0  0  0 
 0  0  0  0  0  0  0  0  0  0  0  0  0  0  0  0 -0.276988 -0.128274 -0.0523859 -0.0546676 -0.665124  1  0  0  0 
 0  0  0  0  0  0  0  0  0  0  0  0  0  0  0  0  0 -0.259781 -0.0913047 -0.0832264 -0.0581244 -0.724893  1  0  0 
 0  0  0  0  0  0  0  0  0  0  0  0  0  0  0  0  0  0 -0.301286 -0.230793 -0.0437265 -0.0614031 -0.682802  1  0 
 0  0  0  0  0  0  0  0  0  0  0  0  0  0  0  0  0  0  0  0  0  0  0  0  1 

U:
 1  0  0  0  0  0  0  0  0  0  0  0  0  0  0  0  0  0  0  0  0  0  0  0  0 
 0  1.18571 -0.4  0  0  0 -0.285714  0  0  0  0  0  0  0  0  0  0  0  0  0  0  0  0  0  0 
 0  0  0.848394 -0.333333  0  0 -0.0963855 -0.25  0  0  0  0  0  0  0  0  0  0  0  0  0  0  0  0  0 
 0  0  0  0.9357 -0.4  0 -0.0378698 -0.0982249 -0.333333  0  0  0  0  0  0  0  0  0  0  0  0  0  0  0  0 
 0  0  0  0  0.514719  0 -0.0161889 -0.0419899 -0.142496 -0.285714  0  0  0  0  0  0  0  0  0  0  0  0  0  0  0 
 0  0  0  0  0  1.08333 -0.25  0  0  0 -0.5  0  0  0  0  0  0  0  0  0  0  0  0  0  0 
 0  0  0  0  0  0  1.0819 -0.433698 -0.0179725 -0.00898624 -0.115385 -0.285714  0  0  0  0  0  0  0  0  0  0  0  0  0 
 0  0  0  0  0  0  0  0.972072 -0.387154 -0.0269104 -0.046254 -0.114534 -0.25  0  0  0  0  0  0  0  0  0  0  0  0 
 0  0  0  0  0  0  0  0  1.08731 -0.489965 -0.0203387 -0.0503625 -0.0995693 -0.333333  0  0  0  0  0  0  0  0  0  0  0 
 0  0  0  0  0  0  0  0  0  0.591224 -0.0114039 -0.0282382 -0.0517888 -0.150207 -0.285714  0  0  0  0  0  0  0  0  0  0 
 0  0  0  0  0  0  0  0 -3.46945e-18  1.73472e-18  1.00412 -0.287408 -0.0147572 -0.00913244 -0.00551103 -0.5  0  0  0  0  0  0  0  0  0 
 0  0  0  0  0  0  0  0  0  0  0  1.04653 -0.440765 -0.0252276 -0.0152238 -0.143114 -0.285714  0  0  0  0  0  0  0  0 
 0  0  0  0  0  0  0  0  0  6.93889e-18  0  5.55112e-17  0.969531 -0.387775 -0.0315201 -0.0676231 -0.120333 -0.25  0  0  0  0  0  0  0 
 0  0  0  0  0  0  0  0  0  0  0  0  0  1.10386 -0.485613 -0.0350439 -0.055016 -0.0999903 -0.333333  0  0  0  0  0  0 
 0  0  0  0  0  0  0  0  0  0  0  0  0  0  0.618447 -0.0224411 -0.0322711 -0.0521155 -0.14664 -0.285714  0  0  0  0  0 
 0  0  0  0  0  0  0  0  0  0  0  0  0  0  0  0.974812 -0.300382 -0.0225025 -0.0159032 -0.0103675 -0.5  0  0  0  0 
 0  0  0  0  0  0  0  0  0  0  0  0  0  0  0  0  1.0315 -0.445666 -0.0291655 -0.0181035 -0.154072 -0.285714  0  0  0 
 0  0  0  0  0  0  0  0  0  0  0  0  0  0  0  0  0  0.962349 -0.388853 -0.0321377 -0.0781093 -0.123444 -0.25  0  0 
 0  0  0  0  0  0  0  0  0  0  0  0  0  0  0  0  0  0  1.10637 -0.481413 -0.0440747 -0.0579581 -0.101017 -0.333333  0 
 0  0  0  0  0  0  0  0  0  0  0  0  0  0  0  0  3.46945e-18  0  0  0.628455 -0.0298084 -0.0343561 -0.052304 -0.145043 -0.285714 
 0  0  0  0  0  0  0  0  0  0  0  0  0  0  0 -5.55112e-17  0  0  0  0  0.461018 -0.306634 -0.0267964 -0.0201587 -0.0135518 
 0  0  0  0  0  0  0  0  0  0  0  0  0  0  0  0  0  1.38778e-17  0  0  0  0.631876 -0.458043 -0.0387991 -0.0246329 
 0  0  0  0  0  0  0  0  0  0  0  0  0  0  0  0  0 -2.77556e-17  0  0  0  0  0.523604 -0.357518 -0.0424229 
 0  0  0  0  0  0  0  0  0  0  0  0  0  0  0  0  0  0  0  0  0  0  0  0.5711 -0.430346 
 0  0  0  0  0  0  0  0  0  0  0  0  0  0  0  0  0  0  0  0  0  0  0  0  1 

Node voltages (index : value)
  1 : 10
  2 : 8.273271739
  3 : 7.025560892
  4 : 6.076669389
  5 : 5.721763841
  6 : 7.787833987
  7 : 6.998292467
  8 : 6.294412207
  9 : 5.553664543
 10 : 5.224896074
 11 : 6.707827406
 12 : 6.017896727
 13 : 5.424718659
 14 : 4.684434196
 15 : 4.267752452
 16 : 5.972786164
 17 : 5.264260939
 18 : 4.592986155
 19 : 3.574937477
 20 : 2.727254388
 21 : 5.592007535
 22 : 4.830450277
 23 : 4.044612232
 24 : 2.464611786
 25 : 0

Link currents (i  j  R[Ohm]  I[i->j][A])
  1   2           2   0.8633641307
  1   6           3   0.7373886708
  2   3         2.5   0.4990843388
  2   7         3.5   0.364279792
  3   4           3   0.3162971676
  3   8           4   0.1827871711
  4   5         2.5   0.141962219
  4   9           3   0.1743349486
  5  10         3.5   0.141962219
  6   7           4   0.1973853802
  6  11           2   0.5400032906
  7   8         2.5   0.2815521038
  7  12         3.5   0.2801130684
  8   9           3   0.246915888
  8  13           4   0.2174233869
  9  10         2.5   0.1315073874
  9  14           3   0.2897434492
 10  15         3.5   0.2734696065
 11  12           4   0.1724826697
 11  16           2   0.3675206209
 12  13         2.5   0.2372712272
 12  17         3.5   0.2153245109
 13  14           3   0.2467614879
 13  18           4   0.2079331262
 14  15         2.5   0.1666726975
 14  19           3   0.3698322396
 15  20         3.5   0.440142304
 16  17           4   0.1771313063
 16  21           2   0.1903893146
 17  18         2.5   0.2685099138
 17  22         3.5   0.1239459035
 18  19           3   0.3393495593
 18  23           4   0.1370934807
 19  20         2.5   0.3390732355
 19  24           3   0.3701085634
 20  25         3.5   0.7792155394
 21  22           4   0.1903893146
 22  23         2.5   0.314335218
 23  24         3.5   0.4514286987
 24  25           3   0.8215372621
